# Dataset: Time series of normal force f during compression
# Parameters:
#   friction coefficient μ = 0.20
#   dimensionless spring constant kn·r/mg = 1.0e+2
#   dimensionless compression speed (v_com / r)·sqrt(m / kn) = 1.0e−6
#
# Columns:
#   t : time (dimensionless)
#   f : normal force (dimensionless)
#
# Note:
#   The data correspond to the time evolution of the normal (vertical) force f
#   measured at the contact under quasistatic compression.
#   Negative or zero values indicate the absence of contact or tensile stress.
#
# t            f
699.990000 -0.000000
1399.990000 -0.000000
2099.990000 -0.000000
2799.990000 -0.000000
3499.990000 -0.000000
4199.990000 -0.000000
4899.990000 -0.000000
5599.990000 -0.000000
6299.990000 -0.000000
6999.990000 -0.000000
7699.990000 -0.000000
8399.990000 -0.000000
9099.990000 -0.000000
9799.990000 -0.000000
10499.990000 -0.000000
11199.990000 -0.000000
11899.990000 -0.000000
12599.990000 -0.000000
13299.990000 -0.000000
13999.990000 -0.000000
14699.990000 -0.000000
15399.990000 -0.000000
16099.990000 -0.000000
16799.990000 -0.000000
17499.990000 -0.000000
18199.990000 -0.000000
18899.990000 -0.000000
19599.990000 -0.000000
20299.990000 -0.000000
20999.990000 -0.000000
21699.989999 0.003821
22399.989999 0.035895
23099.989999 0.067968
23799.989999 0.100040
24499.989999 0.132110
25199.989999 0.164178
25899.989999 0.196245
26599.989999 0.228311
27299.989999 0.260375
27999.989998 0.292438
28699.989998 0.324499
29399.989998 0.356559
30099.989998 0.388617
30799.989998 0.420674
31499.989998 0.452730
32199.989998 0.484784
32899.989998 0.516836
33599.989998 0.548887
34299.989998 0.580937
34999.989998 0.612985
35699.989998 0.645032
36399.989998 0.677077
37099.989999 0.709121
37799.989999 0.741163
38499.989999 0.773204
39199.989999 0.805244
39899.989999 0.837282
40599.989999 0.869318
41299.989999 0.901353
41999.990000 0.933387
42699.990000 0.965419
43399.990000 0.997449
44099.990000 1.029479
44799.990000 1.061506
45499.990000 1.093533
46199.990000 1.125557
46899.990001 1.157581
47599.990001 1.189602
48299.990001 1.221623
48999.990001 1.253642
49699.990001 1.285659
50399.990001 1.317675
51099.990001 1.349689
51799.990002 1.381702
52499.990002 1.413714
53199.990002 1.445723
53899.990002 1.477732
54599.990002 1.509739
55299.990002 1.541744
55999.990002 1.573748
56699.990003 1.605751
57399.990003 1.637752
58099.990003 1.669752
58799.990003 1.701750
59499.990003 1.733746
60199.990003 1.765741
60899.990003 1.797735
61599.990004 1.829727
62299.990004 1.861718
62999.990004 1.893707
63699.990004 1.925694
64399.990004 1.957680
65099.990004 1.989665
65799.990004 2.021648
66499.990004 2.053630
67199.990003 2.085610
67899.990003 2.117588
68599.990003 2.149565
69299.990002 2.181541
69999.990002 2.213515
70699.990002 2.245488
71399.990001 2.277459
72099.990001 2.309428
72799.990001 2.341396
73499.990000 2.373363
74199.990000 2.405328
74899.989999 2.437291
75599.989999 2.469253
76299.989999 2.501214
76999.989998 2.533173
77699.989998 2.565130
78399.989998 2.597086
79099.989997 2.629041
79799.989997 2.660993
80499.989997 2.692945
81199.989996 2.724895
81899.989996 2.756843
82599.989995 2.788790
83299.989995 2.820735
83999.989995 2.852679
84699.989994 2.884621
85399.989994 2.916562
86099.989994 2.948501
86799.989993 2.980438
87499.989993 3.012374
88199.989992 3.044309
88899.989992 3.076242
89599.989992 3.108174
90299.989991 3.140103
90999.989991 3.172032
91699.989991 3.203959
92399.989990 3.235884
93099.989990 3.267808
93799.989990 3.299730
94499.989989 3.331651
95199.989989 3.363570
95899.989988 3.395488
96599.989988 3.427404
97299.989988 3.459318
97999.989987 3.491231
98699.989987 3.523143
99399.989987 3.555053
100099.989986 3.586961
100799.989986 3.618868
101499.989986 3.650773
102199.989985 3.682677
102899.989985 3.714579
103599.989984 3.746479
104299.989984 3.778378
104999.989984 3.810276
105699.989983 3.842172
106399.989983 3.874066
107099.989983 3.905959
107799.989982 3.937850
108499.989982 3.969740
109199.989981 4.001628
109899.989981 4.033514
110599.989981 4.065399
111299.989980 4.097283
111999.989980 4.129165
112699.989980 4.161045
113399.989979 4.192924
114099.989979 4.224801
114799.989979 4.256676
115499.989978 4.288550
116199.989978 4.320423
116899.989977 4.248185
117599.989977 4.167638
118299.989977 4.094915
118999.989976 4.028348
119699.989976 3.966783
120399.989976 3.909387
121099.989975 3.855534
121799.989975 3.804737
122499.989975 3.756611
123199.989974 3.710847
123899.989974 3.667187
124599.989973 3.625419
125299.989973 3.585363
125999.989973 3.546865
126699.989972 3.509793
127399.989972 3.474032
128099.989972 3.439482
128799.989971 3.406053
129499.989971 3.373668
130199.989970 3.342257
130899.989970 3.311756
131599.989971 3.282111
132299.989971 3.253269
132999.989972 3.225184
133699.989972 3.197815
134399.989973 3.171124
135099.989974 3.145074
135799.989974 3.119634
136499.989975 3.094774
137199.989976 3.070466
137899.989976 3.046685
138599.989977 3.023408
139299.989978 3.000612
139999.989978 2.978276
140699.989979 2.956383
141399.989980 2.934913
142099.989980 2.913851
142799.989981 2.893180
143499.989982 2.872885
144199.989982 2.852954
144899.989983 2.833372
145599.989984 2.814127
146299.989984 2.795208
146999.989985 2.776603
147699.989986 2.758303
148399.989986 2.740296
149099.989987 2.722574
149799.989987 2.705128
150499.989988 2.687950
151199.989989 2.671030
151899.989989 2.654362
152599.989990 2.637938
153299.989991 2.621751
153999.989991 2.605794
154699.989992 2.590061
155399.989993 2.574546
156099.989993 2.559242
156799.989994 2.544145
157499.989995 2.529248
158199.989995 2.514548
158899.989996 2.500037
159599.989997 2.485713
160299.989997 2.471570
160999.989998 2.457603
161699.989999 2.443809
162399.989999 2.430184
163099.990000 2.416723
163799.990001 2.403422
164499.990001 2.390279
165199.990002 2.377289
165899.990002 2.364450
166599.990003 2.351756
167299.990004 2.339207
167999.990004 2.326798
168699.990005 2.314526
169399.990006 2.302389
170099.990006 2.290384
170799.990007 2.278508
171499.990008 2.266759
172199.990008 2.255133
172899.990009 2.243629
173599.990010 2.232244
174299.990010 2.220975
174999.990011 2.209822
175699.990012 2.198780
176399.990012 2.187849
177099.990013 2.177026
177799.990014 2.166309
178499.990014 2.155697
179199.990015 2.145186
179899.990016 2.134777
180599.990016 2.124466
181299.990017 2.114252
181999.990017 2.104133
182699.990018 2.094108
183399.990019 2.084175
184099.990019 2.074332
184799.990020 2.064579
185499.990021 2.054913
186199.990021 2.045333
186899.990022 2.035837
187599.990023 2.026425
188299.990023 2.017095
188999.990024 2.007846
189699.990025 1.998675
190399.990025 1.989583
191099.990026 1.980568
191799.990027 1.971629
192499.990027 1.962763
193199.990028 1.953972
193899.990029 1.945253
194599.990029 1.936604
195299.990030 1.928026
195999.990031 1.919518
196699.990031 1.911077
197399.990032 1.902703
198099.990032 1.894396
198799.990033 1.886153
199499.990034 1.877975
200199.990034 1.869861
200899.990035 1.861808
201599.990036 1.853818
202299.990036 1.845888
202999.990037 1.838018
203699.990038 1.830208
204399.990038 1.822455
205099.990039 1.814760
205799.990040 1.807122
206499.990040 1.799540
207199.990041 1.792013
207899.990042 1.784541
208599.990042 1.777123
209299.990043 1.769757
209999.990044 1.762445
210699.990044 1.755184
211399.990045 1.747974
212099.990045 1.740814
212799.990046 1.733705
213499.990047 1.726645
214199.990047 1.719633
214899.990048 1.712670
215599.990049 1.705754
216299.990049 1.698884
216999.990050 1.692062
217699.990051 1.685285
218399.990051 1.678553
219099.990052 1.671866
219799.990053 1.665223
220499.990053 1.658623
221199.990054 1.652067
221899.990055 1.645554
222599.990055 1.639082
223299.990056 1.632652
223999.990057 1.626264
224699.990057 1.619916
225399.990058 1.613609
226099.990059 1.607341
226799.990059 1.601112
227499.990060 1.594923
228199.990060 1.588772
228899.990061 1.582659
229599.990062 1.576584
230299.990062 1.570546
230999.990063 1.564545
231699.990064 1.558581
232399.990064 1.552652
233099.990065 1.546760
233799.990066 1.540902
234499.990066 1.535080
235199.990067 1.529292
235899.990068 1.523538
236599.990068 1.517819
237299.990069 1.512132
237999.990070 1.506479
238699.990070 1.500859
239399.990071 1.495271
240099.990072 1.489716
240799.990072 1.484192
241499.990073 1.478700
242199.990074 1.473239
242899.990074 1.467809
243599.990075 1.462410
244299.990075 1.457040
244999.990076 1.451701
245699.990077 1.446392
246399.990077 1.441112
247099.990078 1.435861
247799.990079 1.430639
248499.990079 1.425446
249199.990080 1.420281
249899.990081 1.415144
250599.990081 1.410035
251299.990082 1.404953
251999.990083 1.399899
252699.990083 1.394872
253399.990084 1.389871
254099.990085 1.384897
254799.990085 1.379950
255499.990086 1.375028
256199.990087 1.370132
256899.990087 1.365262
257599.990088 1.360417
258299.990089 1.355597
258999.990089 1.350802
259699.990090 1.346032
260399.990090 1.341286
261099.990091 1.336564
261799.990092 1.331866
262499.990092 1.327193
263199.990093 1.322542
263899.990094 1.317915
264599.990094 1.313312
265299.990095 1.308731
265999.990096 1.304173
266699.990096 1.299638
267399.990097 1.295125
268099.990098 1.290634
268799.990098 1.286166
269499.990099 1.281719
270199.990100 1.277294
270899.990100 1.272890
271599.990101 1.268508
272299.990102 1.264147
272999.990102 1.259806
273699.990103 1.255487
274399.990104 1.251188
275099.990104 1.246910
275799.990105 1.242651
276499.990105 1.238413
277199.990106 1.234195
277899.990107 1.229997
278599.990107 1.225818
279299.990108 1.221659
279999.990109 1.217519
280699.990109 1.213398
281399.990110 1.209296
282099.990111 1.205213
282799.990111 1.201149
283499.990112 1.197103
284199.990113 1.193076
284899.990113 1.189067
285599.990114 1.185076
286299.990115 1.181103
286999.990115 1.177148
287699.990116 1.173211
288399.990117 1.169291
289099.990117 1.165389
289799.990118 1.161504
290499.990119 1.157636
291199.990119 1.153785
291899.990120 1.149951
292599.990120 1.146134
293299.990121 1.142334
293999.990122 1.138550
294699.990122 1.134783
295399.990123 1.131032
296099.990124 1.127297
296799.990124 1.123578
297499.990125 1.119875
298199.990126 1.116188
298899.990126 1.112517
299599.990127 1.108861
300299.990128 1.105221
300999.990128 1.101596
301699.990129 1.097987
302399.990130 1.094392
303099.990130 1.090813
303799.990131 1.087249
304499.990132 1.083699
305199.990132 1.080164
305899.990133 1.076644
306599.990134 1.073138
307299.990134 1.069647
307999.990135 1.066170
308699.990135 1.062708
309399.990136 1.059259
310099.990137 1.055825
310799.990137 1.052404
311499.990138 1.048997
312199.990139 1.045604
312899.990139 1.042225
313599.990140 1.038859
314299.990141 1.035507
314999.990141 1.032168
315699.990142 1.028842
316399.990143 1.025530
317099.990143 1.022231
317799.990144 1.018944
318499.990145 1.015671
319199.990145 1.012410
319899.990146 1.009163
320599.990147 1.005927
321299.990147 1.002705
321999.990148 0.999495
322699.990148 0.996297
323399.990149 0.993112
324099.990150 0.989939
324799.990150 0.986778
325499.990151 0.983630
326199.990152 0.980493
326899.990152 0.977368
327599.990153 0.974256
328299.990154 0.971155
328999.990154 0.968065
329699.990155 0.964988
330399.990156 0.961922
331099.990156 0.958867
331799.990157 0.955824
332499.990158 0.952792
333199.990158 0.949772
333899.990159 0.946762
334599.990160 0.943764
335299.990160 0.940777
335999.990161 0.937801
336699.990162 0.934836
337399.990162 0.931882
338099.990163 0.928938
338799.990163 0.926006
339499.990164 0.923084
340199.990165 0.920172
340899.990165 0.917271
341599.990166 0.914381
342299.990167 0.911501
342999.990167 0.908631
343699.990168 0.905772
344399.990169 0.902923
345099.990169 0.900084
345799.990170 0.897255
346499.990171 0.894436
347199.990171 0.891627
347899.990172 0.888829
348599.990173 0.886040
349299.990173 0.883260
349999.990174 0.880491
350699.990175 0.877731
351399.990175 0.874981
352099.990176 0.872240
352799.990177 0.869509
353499.990177 0.866788
354199.990178 0.864075
354899.990178 0.861373
355599.990179 0.858679
356299.990180 0.855995
356999.990180 0.853320
357699.990181 0.850654
358399.990182 0.847997
359099.990182 0.845349
359799.990183 0.842710
360499.990184 0.840081
361199.990184 0.837460
361899.990185 0.834847
362599.990186 0.832244
363299.990186 0.829649
363999.990187 0.827063
364699.990188 0.824486
365399.990188 0.821917
366099.990189 0.819357
366799.990190 0.816805
367499.990190 0.814262
368199.990191 0.811727
368899.990192 0.809201
369599.990192 0.806683
370299.990193 0.804173
370999.990193 0.801671
371699.990194 0.799178
372399.990195 0.796692
373099.990195 0.794215
373799.990196 0.791746
374499.990197 0.789284
375199.990197 0.786831
375899.990198 0.784386
376599.990199 0.781948
377299.990199 0.779518
377999.990200 0.777096
378699.990201 0.774682
379399.990201 0.772276
380099.990202 0.769877
380799.990203 0.767485
381499.990203 0.765102
382199.990204 0.762726
382899.990205 0.760357
383599.990205 0.757996
384299.990206 0.755642
384999.990207 0.753296
385699.990207 0.750957
386399.990208 0.748625
387099.990208 0.746300
387799.990209 0.743983
388499.990210 0.741673
389199.990210 0.739370
389899.990211 0.737074
390599.990212 0.734786
391299.990212 0.732504
391999.990213 0.730229
392699.990214 0.727962
393399.990214 0.725701
394099.990215 0.723447
394799.990216 0.721200
395499.990216 0.718960
396199.990217 0.716726
396899.990218 0.714500
397599.990218 0.712280
398299.990219 0.710067
398999.990220 0.707860
399699.990220 0.705660
400399.990221 0.703467
401099.990222 0.701280
401799.990222 0.699100
402499.990223 0.696926
403199.990223 0.694759
403899.990224 0.692598
404599.990225 0.690443
405299.990225 0.688295
405999.990226 0.686154
406699.990227 0.684018
407399.990227 0.681889
408099.990228 0.679766
408799.990229 0.677649
409499.990229 0.675539
410199.990230 0.673434
410899.990231 0.671336
411599.990231 0.669244
412299.990232 0.667157
412999.990233 0.665077
413699.990233 0.663003
414399.990234 0.660935
415099.990235 0.658873
415799.990235 0.656817
416499.990236 0.654766
417199.990237 0.652722
417899.990237 0.650683
418599.990238 0.648650
419299.990238 0.646623
419999.990239 0.644602
420699.990240 0.642586
421399.990240 0.640576
422099.990241 0.638572
422799.990242 0.636573
423499.990242 0.634580
424199.990243 0.632593
424899.990244 0.630611
425599.990244 0.628634
426299.990245 0.626664
426999.990246 0.624698
427699.990246 0.622738
428399.990247 0.620784
429099.990248 0.618835
429799.990248 0.616891
430499.990249 0.614953
431199.990250 0.613020
431899.990250 0.611092
432599.990251 0.609170
433299.990252 0.607253
433999.990252 0.605341
434699.990253 0.603434
435399.990253 0.601533
436099.990254 0.599637
436799.990255 0.597746
437499.990255 0.595860
438199.990256 0.593979
438899.990257 0.592103
439599.990257 0.590232
440299.990258 0.588366
440999.990259 0.586505
441699.990259 0.584650
442399.990260 0.582799
443099.990261 0.580953
443799.990261 0.579112
444499.990262 0.577276
445199.990263 0.575445
445899.990263 0.573619
446599.990264 0.571797
447299.990265 0.569980
447999.990265 0.568169
448699.990266 0.566361
449399.990266 0.564559
450099.990267 0.562761
450799.990268 0.560969
451499.990268 0.559180
452199.990269 0.557397
452899.990270 0.555618
453599.990270 0.553844
454299.990271 0.552074
454999.990272 0.550309
455699.990272 0.548548
456399.990273 0.546792
457099.990274 0.545041
457799.990274 0.543294
458499.990275 0.541551
459199.990276 0.539813
459899.990276 0.538080
460599.990277 0.536351
461299.990278 0.534626
461999.990278 0.532905
462699.990279 0.531190
463399.990280 0.529478
464099.990280 0.527771
464799.990281 0.526068
465499.990281 0.524369
466199.990282 0.522675
466899.990283 0.520985
467599.990283 0.519299
468299.990284 0.517617
468999.990285 0.515940
469699.990285 0.514267
470399.990286 0.512598
471099.990287 0.510933
471799.990287 0.509272
472499.990288 0.507615
473199.990289 0.505963
473899.990289 0.504314
474599.990290 0.502670
475299.990291 0.501030
475999.990291 0.499394
476699.990292 0.497761
477399.990293 0.496133
478099.990293 0.494509
478799.990294 0.492889
479499.990295 0.491273
480199.990295 0.489660
480899.990296 0.488052
481599.990296 0.486447
482299.990297 0.484847
482999.990298 0.483250
483699.990298 0.481657
484399.990299 0.480068
485099.990300 0.478483
485799.990300 0.476902
486499.990301 0.475324
487199.990302 0.473750
487899.990302 0.472180
488599.990303 0.470614
489299.990304 0.469052
489999.990304 0.467493
490699.990305 0.465938
491399.990306 0.464387
492099.990306 0.462839
492799.990307 0.461295
493499.990308 0.459755
494199.990308 0.458218
494899.990309 0.456685
495599.990310 0.455155
496299.990310 0.453629
496999.990311 0.452107
497699.990311 0.450588
498399.990312 0.449073
499099.990313 0.447562
499799.990313 0.446054
500499.990314 0.444549
501199.990315 0.443048
501899.990315 0.441550
502599.990316 0.440056
503299.990317 0.438565
503999.990317 0.437078
504699.990318 0.435594
505399.990319 0.434114
506099.990319 0.432637
506799.990320 0.431164
507499.990321 0.429693
508199.990321 0.428227
508899.990322 0.426763
509599.990323 0.425303
510299.990323 0.423846
510999.990324 0.422393
511699.990325 0.420943
512399.990325 0.419496
513099.990326 0.418052
513799.990326 0.416612
514499.990327 0.415175
515199.990328 0.413741
515899.990328 0.412310
516599.990329 0.410883
517299.990330 0.409459
517999.990330 0.408038
518699.990331 0.406620
519399.990332 0.405205
520099.990332 0.403794
520799.990333 0.402386
521499.990334 0.400981
522199.990334 0.399579
522899.990335 0.398180
523599.990336 0.396784
524299.990336 0.395391
524999.990337 0.394001
525699.990338 0.392615
526399.990338 0.391231
527099.990339 0.389851
527799.990340 0.388473
528499.990340 0.387099
529199.990341 0.385727
529899.990341 0.384359
530599.990342 0.382993
531299.990343 0.381631
531999.990343 0.380271
532699.990344 0.378915
533399.990345 0.377561
534099.990345 0.376211
534799.990346 0.374863
535499.990347 0.373518
536199.990347 0.372176
536899.990348 0.370837
537599.990349 0.369501
538299.990349 0.368168
538999.990350 0.366837
539699.990351 0.365510
540399.990351 0.364185
541099.990352 0.362863
541799.990353 0.361544
542499.990353 0.360228
543199.990354 0.358914
543899.990355 0.357604
544599.990355 0.356296
545299.990356 0.354991
545999.990356 0.353688
546699.990357 0.352389
547399.990358 0.351092
548099.990358 0.349798
548799.990359 0.348507
549499.990360 0.347218
550199.990360 0.345932
550899.990361 0.344649
551599.990362 0.343368
552299.990362 0.342090
552999.990363 0.340815
553699.990364 0.339542
554399.990364 0.338272
555099.990365 0.337005
555799.990366 0.335740
556499.990366 0.334478
557199.990367 0.333219
557899.990368 0.331962
558599.990368 0.330708
559299.990369 0.329456
559999.990370 0.328207
560699.990370 0.326961
561399.990371 0.325717
562099.990371 0.324475
562799.990372 0.323237
563499.990373 0.322000
564199.990373 0.320766
564899.990374 0.319535
565599.990375 0.318306
566299.990375 0.317080
566999.990376 0.315856
567699.990377 0.314635
568399.990377 0.313416
569099.990378 0.312200
569799.990379 0.310986
570499.990379 0.309775
571199.990380 0.308566
571899.990381 0.307359
572599.990381 0.306155
573299.990382 0.304953
573999.990383 0.303754
574699.990383 0.302557
575399.990384 0.301362
576099.990384 0.300170
576799.990385 0.298980
577499.990386 0.297793
578199.990386 0.296608
578899.990387 0.295425
579599.990388 0.294245
580299.990388 0.293067
580999.990389 0.291891
581699.990390 0.290718
582399.990390 0.289547
583099.990391 0.288378
583799.990392 0.287211
584499.990392 0.286047
585199.990393 0.284885
585899.990394 0.283726
586599.990394 0.282568
587299.990395 0.281413
587999.990396 0.280261
588699.990396 0.279110
589399.990397 0.277962
590099.990398 0.276816
590799.990398 0.275672
591499.990399 0.274530
592199.990399 0.273391
592899.990400 0.272253
593599.990401 0.271118
594299.990401 0.269985
594999.990402 0.268855
595699.990403 0.267726
596399.990403 0.266600
597099.990404 0.265476
597799.990405 0.264354
598499.990405 0.263234
599199.990406 0.262116
599899.990407 0.261001
600599.990407 0.259887
601299.990408 0.258776
601999.990409 0.257667
602699.990409 0.256559
603399.990410 0.255454
604099.990411 0.254351
604799.990411 0.253251
605499.990412 0.252152
606199.990413 0.251055
606899.990413 0.249961
607599.990414 0.248868
608299.990414 0.247777
608999.990415 0.246689
609699.990416 0.245603
610399.990416 0.244518
611099.990417 0.243436
611799.990418 0.242356
612499.990418 0.241277
613199.990419 0.240201
613899.990420 0.239127
614599.990420 0.238054
615299.990421 0.236984
615999.990422 0.235916
616699.990422 0.234849
617399.990423 0.233785
618099.990424 0.232722
618799.990424 0.231662
619499.990425 0.230604
620199.990426 0.229547
620899.990426 0.228492
621599.990427 0.227440
622299.990428 0.226389
622999.990428 0.225340
623699.990429 0.224293
624399.990429 0.223248
625099.990430 0.222205
625799.990431 0.221164
626499.990431 0.220125
627199.990432 0.219087
627899.990433 0.218052
628599.990433 0.217018
629299.990434 0.215986
629999.990435 0.214957
630699.990435 0.213928
631399.990436 0.212902
632099.990437 0.211878
632799.990437 0.210856
633499.990438 0.209835
634199.990439 0.208816
634899.990439 0.207799
635599.990440 0.206784
636299.990441 0.205771
636999.990441 0.204759
637699.990442 0.203749
638399.990443 0.202741
639099.990443 0.201735
639799.990444 0.200731
640499.990444 0.199728
641199.990445 0.198728
641899.990446 0.197729
642599.990446 0.196731
643299.990447 0.195736
643999.990448 0.194742
644699.990448 0.193750
645399.990449 0.192760
646099.990450 0.191772
646799.990450 0.190785
647499.990451 0.189800
648199.990452 0.188817
648899.990452 0.187835
649599.990453 0.186855
650299.990454 0.185877
650999.990454 0.184901
651699.990455 0.183926
652399.990456 0.182953
653099.990456 0.181982
653799.990457 0.181012
654499.990458 0.180044
655199.990458 0.179078
655899.990459 0.178113
656599.990459 0.177150
657299.990460 0.176189
657999.990461 0.175229
658699.990461 0.174271
659399.990462 0.173315
660099.990463 0.172361
660799.990463 0.171408
661499.990464 0.170456
662199.990465 0.169506
662899.990465 0.168558
663599.990466 0.167612
664299.990467 0.166667
664999.990467 0.165724
665699.990468 0.164782
666399.990469 0.163842
667099.990469 0.162903
667799.990470 0.161966
668499.990471 0.161031
669199.990471 0.160097
669899.990472 0.159165
670599.990473 0.158235
671299.990473 0.157306
671999.990474 0.156378
672699.990474 0.155453
673399.990475 0.154528
674099.990476 0.153605
674799.990476 0.152684
675499.990477 0.151765
676199.990478 0.150847
676899.990478 0.149930
677599.990479 0.149015
678299.990480 0.148101
678999.990480 0.147189
679699.990481 0.146279
680399.990482 0.145370
681099.990482 0.144462
681799.990483 0.143557
682499.990484 0.142652
683199.990484 0.141749
683899.990485 0.140848
684599.990486 0.139948
685299.990486 0.139049
685999.990487 0.138152
686699.990488 0.137257
687399.990488 0.136363
688099.990489 0.135470
688799.990489 0.134579
689499.990490 0.133689
690199.990491 0.132801
690899.990491 0.131914
691599.990492 0.131029
692299.990493 0.130145
692999.990493 0.129263
693699.990494 0.128382
694399.990495 0.127502
695099.990495 0.126624
695799.990496 0.125747
696499.990497 0.124872
697199.990497 0.123998
697899.990498 0.123126
698599.990499 0.122255
699299.990499 0.121385
699999.990500 0.120517
